# pt eta Data/MC SF map
# Rows: eta bins
# Columns: pT bins
0.03277300 0.02816000 0.02246800 0.02197400 0.00000000 0.00000000 0.00000000 0.00000000 0.00000000 0.00000000 0.00000000 0.00000000 0.00000000 0.00000000 0.00000000
0.03507100 0.00000000 0.00000000 0.01226900 0.01503600 0.00000000 0.00000000 0.00000000 0.15214500 0.00000000 0.00000000 0.00000000 0.00000000 0.00000000 0.00000000
0.02298400 0.02468600 0.01257800 0.00956900 0.00000000 0.00000000 0.00000000 0.00000000 0.00000000 0.00000000 0.00000000 0.00000000 0.00000000 0.00000000 0.00000000
0.02468600 0.02564000 0.01183400 0.00000000 0.01599800 0.03388300 0.09486800 0.00000000 0.00000000 0.00000000 0.00000000 0.00000000 0.00000000 0.00000000 0.00000000
0.04080900 0.01936700 0.02363500 0.00000000 0.01683200 0.00000000 0.00000000 0.00000000 0.13226000 0.00000000 0.00000000 0.00000000 0.00000000 0.00000000 0.00000000
0.03718500 0.04054400 0.01871700 0.00000000 0.02098400 0.03919200 0.05706700 0.00000000 0.00000000 0.10475700 0.27216600 0.00000000 0.00000000 0.00000000 0.00000000
0.04634000 0.03276100 0.02024800 0.02200900 0.00000000 0.04078900 0.07390500 0.00000000 0.21650600 0.00000000 0.00000000 0.00000000 0.00000000 0.00000000 0.00000000
0.05104900 0.01769700 0.01789700 0.01169500 0.00000000 0.00000000 0.00000000 0.00000000 0.00000000 0.00000000 0.00000000 0.00000000 0.00000000 0.00000000 0.00000000
0.03817700 0.02596700 0.00000000 0.02642500 0.00000000 0.00000000 0.00000000 0.00000000 0.00000000 0.00000000 0.00000000 0.00000000 0.00000000 0.00000000 0.00000000
0.04705400 0.00000000 0.03286000 0.01979900 0.00000000 0.00000000 0.13226000 0.00000000 0.00000000 0.00000000 0.00000000 0.00000000 0.00000000 0.00000000 0.00000000
