# pt eta Data/MC SF map
# Rows: eta bins
# Columns: pT bins
0.00058445 0.00042626 0.00027148 0.01150748 0.00000000 0.00000000 0.00000000 0.00000000 0.00000000 0.00000000 0.00000000 0.00000000 0.00000000 0.00000000 0.00000000
0.00073462 0.00000000 0.01145888 0.00629664 0.00000000 0.02489177 0.00000000 0.00000000 0.00000000 0.00000000 0.00000000 0.00000000 0.00000000 0.00000000 0.00000000
0.00202703 0.00107900 0.00008247 0.00009581 0.00000000 0.00000000 0.00000000 0.00000000 0.00000000 0.00000000 0.66666667 0.00000000 0.00000000 0.00000000 0.00000000
0.01333333 0.00719549 0.00030715 0.00000000 0.01694915 0.00000000 0.00000000 0.00000000 0.00000000 0.00000000 0.00000000 0.00000000 0.00000000 0.00000000 0.00000000
0.00663842 0.00019888 0.00500611 0.00000000 0.00014782 0.00000000 0.00000000 0.00000000 0.00000000 0.00000000 0.00000000 0.00000000 0.00000000 0.00000000 0.00000000
0.02303922 0.00097413 0.00037453 0.01053009 0.00000000 0.02125850 0.00000000 0.10909091 0.00000000 0.00000000 0.00000000 0.00000000 0.00000000 0.00000000 0.00000000
0.03841863 0.00391499 0.00576132 0.00451594 0.00000000 0.00000000 0.00000000 0.00000000 0.04761905 0.00000000 0.00000000 0.00000000 0.00000000 0.00000000 0.00000000
0.00933014 0.00934579 0.00016906 0.00602691 0.00793269 0.00000000 0.00000000 0.00000000 0.00000000 0.00000000 0.00000000 0.00000000 0.00000000 0.00000000 0.00000000
0.00000000 0.00036617 0.00000000 0.00000000 0.00000000 0.00000000 0.00000000 0.00000000 0.00000000 0.00000000 0.00000000 0.00000000 0.00000000 0.00000000 0.00000000
0.00125313 0.01558442 0.00058772 0.00000000 0.00000000 0.00000000 0.00000000 0.00000000 0.00000000 0.00000000 0.00000000 0.00000000 0.00000000 0.00000000 0.00000000
