# pt eta Data/MC SF map
# Rows: eta bins
# Columns: pT bins
1.14285714 1.20000000 1.00000000 1.06666667 1.00000000 0.66666667 1.00000000 1.00000000 1.00000000 1.00000000
0.50000000 1.00000000 0.93333333 1.00000000 1.00000000 1.00000000 1.00000000 1.00000000 1.00000000 1.00000000
0.94736842 1.07692308 0.93333333 1.00000000 1.00000000 1.00000000 1.00000000 1.00000000 1.00000000 1.00000000
0.75000000 1.00000000 0.96969697 1.00000000 1.00000000 1.00000000 1.00000000 1.00000000 1.00000000 1.00000000
0.90909091 1.08333333 1.00000000 1.00000000 0.96000000 1.00000000 1.00000000 1.00000000 1.00000000 1.00000000
1.00000000 1.00000000 0.96551724 1.00000000 1.00000000 1.00000000 1.00000000 0.50000000 1.00000000 1.00000000
0.75000000 0.88815789 1.03571429 0.97142857 1.00000000 1.09090909 1.00000000 1.00000000 1.00000000 1.00000000
0.87500000 1.05263158 0.92000000 1.00000000 1.00000000 0.90000000 1.00000000 1.00000000 1.00000000 1.00000000
1.12500000 1.00000000 1.08333333 1.00000000 1.00000000 1.00000000 1.00000000 1.00000000 1.00000000 1.00000000
1.00000000 1.00000000 1.00000000 0.84705882 1.00000000 1.00000000 1.00000000 1.00000000 1.00000000 1.00000000
