# pt eta Data/MC SF map
# Rows: eta bins
# Columns: pT bins
0.10475700 0.15309300 0.00000000 0.05706700 0.00000000 0.27216600 0.00000000 0.00000000 0.00000000 0.00000000
0.00000000 0.00000000 0.00000000 0.00000000 0.00000000 0.00000000 0.00000000 0.00000000 0.00000000 0.00000000
0.06708200 0.00000000 0.04554200 0.00000000 0.00000000 0.00000000 0.00000000 0.00000000 0.00000000 0.00000000
0.00000000 0.05845100 0.03923500 0.03493900 0.00000000 0.00000000 0.00000000 0.00000000 0.00000000 0.00000000
0.08667800 0.08777100 0.04554200 0.03277300 0.03919200 0.00000000 0.00000000 0.17888500 0.00000000 0.00000000
0.10006800 0.04252300 0.04554200 0.02531000 0.00000000 0.00000000 0.00000000 0.35355300 0.00000000 0.00000000
0.12800800 0.06708200 0.00000000 0.02816000 0.00000000 0.00000000 0.00000000 0.00000000 0.00000000 0.00000000
0.14231900 0.06750800 0.05425900 0.00000000 0.00000000 0.08667800 0.00000000 0.00000000 0.00000000 0.00000000
0.00000000 0.00000000 0.00000000 0.00000000 0.00000000 0.00000000 0.00000000 0.00000000 0.00000000 0.00000000
0.00000000 0.00000000 0.00000000 0.05706700 0.00000000 0.00000000 0.00000000 0.00000000 0.00000000 0.00000000
