# pt eta Data/MC SF map
# Rows: eta bins
# Columns: pT bins
0.96638655 0.93703704 0.98412698 1.14227435 0.95000000 1.07692308 0.88888889 1.60000000 1.00000000 1.00000000 1.00000000 1.00000000 1.00000000 1.00000000 1.00000000
1.00686499 1.11428571 1.01781896 0.93364198 1.03663793 0.91428571 1.09090909 1.12500000 0.60000000 1.00000000 0.66666667 1.00000000 1.00000000 1.00000000 1.00000000
1.16129032 1.03806228 0.93551797 0.99776715 1.05747126 0.96810507 0.75000000 0.71428571 1.00000000 1.20000000 1.00000000 1.00000000 1.00000000 1.00000000 1.00000000
0.94117647 1.01319711 1.02280827 0.96308439 1.00000000 0.96296296 1.00000000 0.88888889 1.00000000 1.00000000 1.33333333 1.00000000 0.50000000 1.00000000 1.00000000
0.99000000 0.93525950 1.00522805 0.97368421 1.00050633 0.98747764 1.06250000 1.29807692 1.00000000 0.75000000 0.50000000 1.00000000 1.00000000 1.00000000 1.00000000
1.02062589 0.95910364 0.97616279 0.99121797 0.95198079 0.99130435 1.06666667 1.00000000 1.14285714 0.75000000 1.00000000 1.00000000 1.00000000 1.00000000 1.00000000
1.04201681 0.97058824 1.00178855 0.97807086 0.98979592 0.98437500 0.92307692 1.00000000 3.00000000 0.75000000 1.00000000 1.00000000 1.00000000 1.00000000 1.00000000
0.95294118 1.08690909 0.92384709 1.03962102 1.03402062 0.88461538 1.18181818 0.80000000 1.16666667 1.00000000 2.00000000 1.00000000 1.00000000 1.00000000 1.00000000
0.98989899 1.12979540 0.92088382 1.00630449 0.99585921 0.77777778 1.21153846 1.12500000 1.33333333 1.00000000 1.00000000 1.00000000 1.00000000 1.00000000 1.00000000
0.71794872 0.97355769 0.93333333 1.03076923 1.09803922 1.13333333 1.11111111 1.00000000 0.50000000 1.00000000 1.00000000 1.00000000 1.00000000 1.00000000 1.00000000
