# pt eta Data/MC SF map
# Rows: eta bins
# Columns: pT bins
0.00000000 0.01536126 0.00000000 0.01523032 0.00000000 0.00000000 0.00000000 0.00000000 0.00000000 0.00000000 0.00000000 0.00000000 0.00000000 0.00000000 0.00000000
0.00000000 0.00000000 0.01094429 0.00701986 0.00000000 0.02126246 0.00000000 0.00000000 0.00000000 1.00000000 0.00000000 0.00000000 0.00000000 0.00000000 0.00000000
0.04645161 0.01504438 0.00000000 0.00522391 0.01162056 0.00000000 0.00000000 0.00000000 0.00000000 0.00000000 0.66666667 0.00000000 0.00000000 0.00000000 0.00000000
0.02689076 0.00865980 0.01461155 0.00000000 0.00840336 0.00000000 0.00000000 0.00000000 0.00000000 0.00000000 0.00000000 0.00000000 0.00000000 0.00000000 0.00000000
0.00980198 0.00000000 0.00000000 0.01248313 0.00629249 0.00000000 0.04086538 0.07635747 0.00000000 0.00000000 0.00000000 0.00000000 0.00000000 0.00000000 0.00000000
0.01360835 0.00931169 0.00000000 0.00535793 0.00000000 0.00000000 0.00000000 0.00000000 0.00000000 0.00000000 0.00000000 0.00000000 0.00000000 0.00000000 0.00000000
0.02977191 0.00021468 0.00028409 0.00541792 0.00000000 0.00000000 0.00000000 0.00000000 0.60000000 0.00000000 0.00000000 0.00000000 0.00000000 0.00000000 0.00000000
0.01366224 0.01012180 0.00716161 0.00716980 0.00000000 0.00000000 0.00000000 0.00000000 0.08974359 0.00000000 0.66666667 0.00000000 0.00000000 0.00000000 0.00000000
0.00000000 0.00000000 0.00000000 0.00000000 0.02315952 0.00000000 0.04487179 0.00000000 0.00000000 0.00000000 0.00000000 0.00000000 0.00000000 0.00000000 0.00000000
0.00000000 0.00000000 0.00426180 0.00000000 0.00000000 0.00000000 0.00000000 0.00000000 0.00000000 0.00000000 0.00000000 0.00000000 0.00000000 0.00000000 0.00000000
