# pt eta Data/MC SF map
# Rows: eta bins
# Columns: pT bins
0.96551724 0.97058824 0.99200581 1.01265823 1.00000000 1.00000000 1.00000000 1.00000000 1.00000000 1.00000000 1.00000000 1.00000000 1.00000000 1.00000000 1.00000000
1.05050505 1.00000000 1.03404924 1.00746269 0.98484848 1.04761905 1.00000000 1.00000000 0.83333333 1.00000000 1.00000000 1.00000000 1.00000000 1.00000000 1.00000000
0.97297297 0.99699700 0.99695354 0.99671053 1.00000000 1.00000000 1.00000000 1.00000000 1.00000000 1.00000000 2.00000000 1.00000000 1.00000000 1.00000000 1.00000000
1.00000000 1.02335929 0.99486940 1.00000000 1.01694915 0.96551724 0.90000000 1.00000000 1.00000000 1.00000000 1.00000000 1.00000000 1.00000000 1.00000000 1.00000000
0.89830508 0.98117551 0.95555556 1.01219512 0.97560976 1.00000000 1.00000000 1.00000000 0.85714286 1.00000000 1.00000000 1.00000000 1.00000000 1.00000000 1.00000000
1.01833333 0.87487745 0.96629213 1.02684184 0.97060553 1.04166667 0.94117647 1.20000000 1.00000000 0.88888889 0.66666667 1.00000000 1.00000000 1.00000000 1.00000000
1.00276498 0.91666667 1.00131687 0.96447650 1.00000000 0.95833333 0.97435897 1.00000000 0.66666667 1.00000000 1.00000000 1.00000000 1.00000000 1.00000000 1.00000000
0.93301435 1.00000000 0.98264567 1.00649351 1.01562500 1.00000000 1.00000000 1.00000000 1.00000000 1.00000000 1.00000000 1.00000000 1.00000000 1.00000000 1.00000000
0.98941799 0.98866609 1.05555556 0.93902439 1.01136364 1.00000000 1.00000000 1.00000000 1.00000000 1.00000000 1.00000000 1.00000000 1.00000000 1.00000000 1.00000000
0.92857143 1.06060606 0.95121951 0.99342466 1.00000000 1.00000000 0.85714286 1.00000000 1.00000000 1.00000000 1.00000000 1.00000000 1.00000000 1.00000000 1.00000000
