# pt eta Data/MC SF map
# Rows: eta bins
# Columns: pT bins
0.14285714 0.27692308 0.00000000 0.06666667 0.00000000 0.00000000 0.00000000 0.00000000 0.00000000 0.00000000
0.00000000 0.00000000 0.00000000 0.00000000 0.00000000 0.00000000 0.00000000 0.00000000 0.00000000 0.00000000
0.02429150 0.03988604 0.00000000 0.00000000 0.00000000 0.00000000 0.00000000 0.00000000 0.00000000 0.00000000
0.00000000 0.05660377 0.01381462 0.03225806 0.00000000 0.00000000 0.00000000 0.00000000 0.00000000 0.00000000
0.00000000 0.12037037 0.03448276 0.01694915 0.00000000 0.00000000 0.00000000 0.11111111 0.00000000 0.00000000
0.08333333 0.02222222 0.01636470 0.01298701 0.00000000 0.00000000 0.00000000 0.00000000 0.00000000 0.00000000
0.03000000 0.02277328 0.01817043 0.00000000 0.00000000 0.04743083 0.00000000 0.00000000 0.00000000 0.00000000
0.17500000 0.09914321 0.00000000 0.00000000 0.00000000 0.00476190 0.00000000 0.00000000 0.00000000 0.00000000
0.06617647 0.00000000 0.04333333 0.00000000 0.00000000 0.00000000 0.00000000 0.00000000 0.00000000 0.00000000
0.00000000 0.00000000 0.00000000 0.00000000 0.00000000 0.00000000 0.00000000 0.00000000 0.00000000 0.00000000
