# pt eta Data/MC SF map
# Rows: eta bins
# Columns: pT bins
0.07237900 0.07859000 0.05763800 0.05915300 0.08541700 0.00000000 0.15713500 0.00000000 0.00000000 0.00000000 0.00000000 0.00000000 0.00000000 0.00000000 0.00000000
0.07022400 0.03923500 0.04497400 0.04684500 0.03998900 0.08223000 0.00000000 0.00000000 0.21908900 0.00000000 0.27216600 0.00000000 0.00000000 0.00000000 0.00000000
0.04266900 0.04731900 0.03790200 0.02039500 0.00000000 0.05225900 0.00000000 0.17074700 0.00000000 0.00000000 0.35355300 0.00000000 0.00000000 0.00000000 0.00000000
0.05237800 0.02860100 0.01379200 0.02158400 0.01652700 0.03634500 0.00000000 0.10475700 0.00000000 0.00000000 0.00000000 0.00000000 0.35355300 0.00000000 0.00000000
0.04818600 0.03698300 0.02270900 0.02739400 0.02436700 0.05225900 0.06883000 0.00000000 0.00000000 0.21650600 0.00000000 0.00000000 0.00000000 0.00000000 0.00000000
0.04374400 0.03695300 0.03159200 0.02907600 0.03078200 0.04873400 0.00000000 0.00000000 0.00000000 0.15309300 0.00000000 0.00000000 0.00000000 0.00000000 0.00000000
0.05237800 0.02019700 0.02262700 0.02220500 0.03424900 0.04440900 0.07390500 0.00000000 0.00000000 0.21650600 0.00000000 0.00000000 0.00000000 0.00000000 0.00000000
0.05846300 0.02617500 0.03845000 0.02956300 0.01652700 0.06265600 0.00000000 0.27216600 0.00000000 0.00000000 0.00000000 0.00000000 0.00000000 0.00000000 0.00000000
0.06241600 0.04864300 0.05588600 0.03948500 0.05514100 0.11111100 0.00000000 0.00000000 0.00000000 0.00000000 0.00000000 0.00000000 0.00000000 0.00000000 0.00000000
0.09072200 0.06418600 0.07053400 0.05962800 0.04035300 0.08777100 0.00000000 0.00000000 0.35355300 0.00000000 0.00000000 0.00000000 0.00000000 0.00000000 0.00000000
